function orbEl2ephem
    %
    
    arguments
        
    end
   
    
    
     EPOCH=  2457496.5 ! 2016-Apr-18.00 (TDB)         Residual RMS= .23784
   EC= .1151876837487922   QR= 2.363794197898873   TP= 2456876.3204901074
   OM= 121.6502923794613   W=  83.74188466427253   IN= 13.52226060404765
   A= 2.671520450702865    MA= 139.9857191506622   ADIST= 2.979246703506858
   PER= 4.36663            N= .225718059           ANGMOM= .027929313
   DAN= 2.60339            DDN= 2.66959            L= 205.2152269
   B= 13.4401642           MOID= 1.40727997        TP= 2014-Aug-06.8204901074
 
    
    
    
    
end