2.974459e+02, 8.599501e+01 
9.221792e+01, 8.225064e+01 
1.754522e+02, 8.078038e+01 
1.796444e+01, 7.813996e+01 
2.323520e+02, 7.677404e+01 
2.829536e+02, 7.506198e+01 
3.312383e+02, 7.495022e+01 
1.273097e+02, 7.327409e+01 
5.954651e+01, 7.314472e+01 
1.633449e+02, 7.012009e+01 
1.984258e+02, 6.994431e+01 
9.277972e+01, 6.949432e+01 
2.523839e+02, 6.761394e+01 
4.985892e+00, 6.751130e+01 
3.093725e+02, 6.643082e+01 
3.543712e+01, 6.640120e+01 
2.245719e+02, 6.452233e+01 
2.815507e+02, 6.401338e+01 
3.386353e+02, 6.384050e+01 
6.708951e+01, 6.274069e+01 
1.363519e+02, 6.270261e+01 
1.119164e+02, 6.171435e+01 
1.816869e+02, 6.057796e+01 
1.588147e+02, 5.932487e+01 
2.031530e+02, 5.813094e+01 
8.939626e+01, 5.793503e+01 
2.610982e+02, 5.758194e+01 
1.785546e+01, 5.729535e+01 
3.213495e+02, 5.617976e+01 
2.404711e+02, 5.616324e+01 
3.579498e+02, 5.610199e+01 
3.006468e+02, 5.589228e+01 
3.796638e+01, 5.587641e+01 
5.609758e+01, 5.392489e+01 
2.820810e+02, 5.283740e+01 
2.201283e+02, 5.282802e+01 
1.231861e+02, 5.218587e+01 
3.404784e+02, 5.218570e+01 
1.409137e+02, 5.150969e+01 
7.408519e+01, 5.090094e+01 
1.050097e+02, 5.046999e+01 
1.737700e+02, 4.990921e+01 
1.904040e+02, 4.910809e+01 
1.572548e+02, 4.836717e+01 
2.667503e+02, 4.737911e+01 
1.107158e+01, 4.640749e+01 
2.736405e+01, 4.636348e+01 
2.509909e+02, 4.621669e+01 
3.106876e+02, 4.608750e+01 
8.943060e+01, 4.575612e+01 
2.327542e+02, 4.571943e+01 
2.057616e+02, 4.569355e+01 
3.268880e+02, 4.506488e+01 
4.415937e+01, 4.494983e+01 
2.946020e+02, 4.449656e+01 
3.558988e+02, 4.442397e+01 
6.074426e+01, 4.297388e+01 
1.174578e+02, 4.167097e+01 
1.328796e+02, 4.152561e+01 
2.796288e+02, 4.088197e+01 
3.421919e+02, 4.068972e+01 
2.187985e+02, 4.017165e+01 
1.479137e+02, 3.969951e+01 
7.571905e+01, 3.939263e+01 
1.790322e+02, 3.915716e+01 
1.024885e+02, 3.904563e+01 
1.643863e+02, 3.874891e+01 
1.932436e+02, 3.771609e+01 
2.423339e+02, 3.756579e+01 
2.642496e+02, 3.690602e+01 
1.906183e+01, 3.644787e+01 
3.429496e+01, 3.612092e+01 
3.181066e+02, 3.559729e+01 
3.039096e+02, 3.533714e+01 
4.742902e+00, 3.507424e+01 
4.968928e+01, 3.481036e+01 
8.874081e+01, 3.424760e+01 
3.322207e+02, 3.389884e+01 
2.064446e+02, 3.375575e+01 
2.898849e+02, 3.312612e+01 
2.296469e+02, 3.309210e+01 
3.509263e+02, 3.238503e+01 
6.424562e+01, 3.212159e+01 
2.529954e+02, 3.165620e+01 
1.270135e+02, 3.149748e+01 
1.135108e+02, 3.109108e+01 
1.406783e+02, 3.061888e+01 
2.757819e+02, 3.007789e+01 
1.552977e+02, 2.999455e+01 
1.696491e+02, 2.886299e+01 
1.827916e+02, 2.843670e+01 
1.001256e+02, 2.788277e+01 
2.180972e+02, 2.788195e+01 
7.685866e+01, 2.785786e+01 
2.666832e+01, 2.685606e+01 
1.954602e+02, 2.650870e+01 
4.076041e+01, 2.624067e+01 
2.407453e+02, 2.605842e+01 
1.386250e+01, 2.574548e+01 
3.118099e+02, 2.564519e+01 
2.635856e+02, 2.507278e+01 
3.250661e+02, 2.498973e+01 
3.390700e+02, 2.491465e+01 
2.985740e+02, 2.466130e+01 
5.449048e+01, 2.456320e+01 
1.838553e+00, 2.388163e+01 
8.816923e+01, 2.267590e+01 
2.854415e+02, 2.237444e+01 
2.074914e+02, 2.198493e+01 
3.505084e+02, 2.140020e+01 
2.293872e+02, 2.133172e+01 
1.222621e+02, 2.116728e+01 
1.346702e+02, 2.109328e+01 
1.477784e+02, 2.088903e+01 
6.681263e+01, 2.076417e+01 
1.100810e+02, 2.052727e+01 
2.514712e+02, 2.007651e+01 
1.609404e+02, 2.003684e+01 
1.737651e+02, 1.865986e+01 
2.735485e+02, 1.865490e+01 
1.857553e+02, 1.760654e+01 
3.293923e+01, 1.743378e+01 
9.789442e+01, 1.641207e+01 
2.064732e+01, 1.616684e+01 
2.190499e+02, 1.614540e+01 
4.628310e+01, 1.603229e+01 
7.855242e+01, 1.602152e+01 
3.188176e+02, 1.572542e+01 
3.061066e+02, 1.566266e+01 
1.974650e+02, 1.541459e+01 
3.315151e+02, 1.533016e+01 
2.401649e+02, 1.471608e+01 
8.688976e+00, 1.450410e+01 
2.935812e+02, 1.408210e+01 
2.613134e+02, 1.387266e+01 
5.712270e+01, 1.335448e+01 
3.432937e+02, 1.317716e+01 
3.567603e+02, 1.202196e+01 
1.411668e+02, 1.124908e+01 
1.292416e+02, 1.097608e+01 
1.533854e+02, 1.085595e+01 
2.823061e+02, 1.074920e+01 
2.092396e+02, 1.056820e+01 
1.179278e+02, 1.038994e+01 
8.873644e+01, 9.892287e+00 
1.068712e+02, 9.806020e+00 
1.655427e+02, 9.708795e+00 
2.300658e+02, 9.607215e+00 
6.906346e+01, 9.596974e+00 
2.497844e+02, 8.529002e+00 
1.772106e+02, 8.024236e+00 
3.950576e+01, 7.920541e+00 
2.708730e+02, 7.654630e+00 
1.884376e+02, 6.583222e+00 
2.839065e+01, 6.573514e+00 
3.127383e+02, 6.181732e+00 
3.242991e+02, 5.469441e+00 
3.006411e+02, 5.367593e+00 
1.762128e+01, 5.063034e+00 
1.996576e+02, 4.515969e+00 
2.204780e+02, 4.478001e+00 
3.354580e+02, 4.246192e+00 
7.925821e+01, 3.832712e+00 
7.076148e+00, 3.413192e+00 
9.843625e+01, 3.017372e+00 
5.940763e+01, 2.999640e+00 
3.465299e+02, 2.722340e+00 
2.396696e+02, 2.669482e+00 
2.591700e+02, 2.645150e+00 
4.871824e+01, 2.213164e+00 
2.899553e+02, 2.065310e+00 
1.462913e+02, 1.288237e+00 
1.343511e+02, 1.083154e+00 
3.568142e+02, 1.003688e+00 
1.582661e+02, 5.252880e-01 
1.226779e+02, 2.801218e-01 
1.107579e+02, -4.621160e-01 
2.792883e+02, -8.975192e-01 
2.112631e+02, -9.068702e-01 
1.695466e+02, -1.270470e+00 
6.907110e+01, -2.262006e+00 
8.936875e+01, -2.354022e+00 
2.297510e+02, -2.729599e+00 
3.704496e+01, -2.742977e+00 
1.805004e+02, -3.099392e+00 
2.685617e+02, -3.398845e+00 
2.492954e+02, -3.609788e+00 
3.068718e+02, -3.720229e+00 
2.562333e+01, -4.582537e+00 
3.176926e+02, -4.624236e+00 
1.911739e+02, -4.748936e+00 
3.293672e+02, -5.401555e+00 
1.442236e+01, -6.351268e+00 
2.019512e+02, -6.373990e+00 
2.963257e+02, -7.134554e+00 
3.405296e+02, -7.245745e+00 
1.020659e+02, -7.675788e+00 
5.717134e+01, -7.688333e+00 
7.862149e+01, -7.888160e+00 
2.201303e+02, -8.325475e+00 
3.331132e+00, -8.513558e+00 
1.396408e+02, -8.647655e+00 
1.517809e+02, -8.734081e+00 
3.515732e+02, -9.188773e+00 
2.391826e+02, -9.426021e+00 
2.595410e+02, -9.450753e+00 
4.610244e+01, -9.503687e+00 
1.279598e+02, -9.589748e+00 
1.159199e+02, -9.743421e+00 
2.852459e+02, -1.017444e+01 
1.633405e+02, -1.076521e+01 
2.733946e+02, -1.284778e+01 
1.747283e+02, -1.288918e+01 
8.884774e+01, -1.301748e+01 
6.725031e+01, -1.338551e+01 
3.401709e+01, -1.341283e+01 
2.102080e+02, -1.390664e+01 
3.073635e+02, -1.427149e+01 
3.220930e+02, -1.438562e+01 
1.860565e+02, -1.492100e+01 
2.292597e+02, -1.533347e+01 
2.492894e+02, -1.544070e+01 
2.199192e+01, -1.558920e+01 
1.976383e+02, -1.644534e+01 
3.339095e+02, -1.678731e+01 
1.005415e+01, -1.774612e+01 
9.870269e+01, -1.777899e+01 
2.953812e+02, -1.810432e+01 
1.454462e+02, -1.848207e+01 
5.532218e+01, -1.865206e+01 
1.099673e+02, -1.879630e+01 
3.455421e+02, -1.892266e+01 
7.781657e+01, -1.922664e+01 
3.578681e+02, -1.922676e+01 
1.338416e+02, -1.969524e+01 
2.608769e+02, -1.997626e+01 
1.219849e+02, -2.004387e+01 
1.564633e+02, -2.007317e+01 
4.351282e+01, -2.059150e+01 
2.188818e+02, -2.112682e+01 
2.836817e+02, -2.116240e+01 
2.393041e+02, -2.168092e+01 
3.147345e+02, -2.235357e+01 
1.683655e+02, -2.236930e+01 
2.719258e+02, -2.340179e+01 
3.060812e+01, -2.410061e+01 
6.609041e+01, -2.440514e+01 
1.803499e+02, -2.473307e+01 
8.893021e+01, -2.483815e+01 
2.062507e+02, -2.488061e+01 
3.265511e+02, -2.599867e+01 
3.034219e+02, -2.634268e+01 
1.928419e+02, -2.636509e+01 
1.755700e+01, -2.661764e+01 
2.509255e+02, -2.712537e+01 
2.285570e+02, -2.781104e+01 
3.387325e+02, -2.854854e+01 
1.023437e+02, -2.857648e+01 
4.766249e+00, -2.890642e+01 
1.429239e+02, -2.892818e+01 
3.516500e+02, -2.956673e+01 
5.347844e+01, -2.986498e+01 
1.154837e+02, -2.991068e+01 
2.912790e+02, -3.012483e+01 
1.290649e+02, -3.025938e+01 
1.585989e+02, -3.054032e+01 
7.780587e+01, -3.065093e+01 
4.076291e+01, -3.140867e+01 
2.634257e+02, -3.185619e+01 
2.156266e+02, -3.261004e+01 
2.781612e+02, -3.297536e+01 
3.153854e+02, -3.345977e+01 
2.399975e+02, -3.355830e+01 
1.720636e+02, -3.376016e+01 
2.632757e+01, -3.488801e+01 
6.528223e+01, -3.542911e+01 
2.012087e+02, -3.549764e+01 
9.176134e+01, -3.578525e+01 
1.861093e+02, -3.589504e+01 
3.289133e+02, -3.738896e+01 
3.021112e+02, -3.773479e+01 
1.494825e+02, -3.814791e+01 
1.272159e+01, -3.825867e+01 
2.531971e+02, -3.898475e+01 
2.268194e+02, -3.940574e+01 
1.062596e+02, -3.941378e+01 
3.433719e+02, -3.956230e+01 
3.582081e+02, -3.984567e+01 
1.355597e+02, -4.016786e+01 
1.209596e+02, -4.059063e+01 
2.872248e+02, -4.150329e+01 
5.159579e+01, -4.168069e+01 
7.959189e+01, -4.179351e+01 
3.728089e+01, -4.199364e+01 
2.697740e+02, -4.215949e+01 
1.628994e+02, -4.258863e+01 
2.115549e+02, -4.374178e+01 
3.158603e+02, -4.448167e+01 
2.403786e+02, -4.505855e+01 
1.779185e+02, -4.525737e+01 
1.947221e+02, -4.576597e+01 
6.519219e+01, -4.635673e+01 
2.330485e+01, -4.701988e+01 
9.465673e+01, -4.722240e+01 
3.319682e+02, -4.853307e+01 
2.997646e+02, -4.873816e+01 
1.477586e+02, -4.923935e+01 
7.107794e+00, -4.971623e+01 
2.581065e+02, -4.973296e+01 
3.494973e+02, -5.031784e+01 
1.118829e+02, -5.051233e+01 
2.246528e+02, -5.089501e+01 
1.300073e+02, -5.108561e+01 
2.794414e+02, -5.122829e+01 
4.084561e+01, -5.261350e+01 
7.945838e+01, -5.357766e+01 
1.646547e+02, -5.408486e+01 
2.055901e+02, -5.477963e+01 
3.160006e+02, -5.558501e+01 
1.845249e+02, -5.578212e+01 
5.850530e+01, -5.599196e+01 
2.425304e+02, -5.602598e+01 
2.270869e+01, -5.835629e+01 
9.773054e+01, -5.882472e+01 
2.940189e+02, -5.894005e+01 
2.669442e+02, -5.959708e+01 
3.368039e+02, -5.965518e+01 
1.446547e+02, -6.020567e+01 
4.290940e-01, -6.056937e+01 
1.206442e+02, -6.138735e+01 
2.220696e+02, -6.228018e+01 
4.420977e+01, -6.457367e+01 
7.415596e+01, -6.461599e+01 
1.674365e+02, -6.527924e+01 
1.951815e+02, -6.553657e+01 
3.145574e+02, -6.659165e+01 
2.474957e+02, -6.661201e+01 
2.830609e+02, -6.846189e+01 
1.898564e+01, -6.999349e+01 
1.005781e+02, -7.003474e+01 
3.455499e+02, -7.053594e+01 
1.369929e+02, -7.109463e+01 
2.167489e+02, -7.370777e+01 
6.002174e+01, -7.465003e+01 
1.732828e+02, -7.642893e+01 
2.595930e+02, -7.691654e+01 
3.125403e+02, -7.788894e+01 
1.084909e+02, -8.086219e+01 
1.532232e+01, -8.140078e+01 
2.190345e+02, -8.675233e+01 
53, -49.7
151, -26
94.5, -8
108.5, -11.2
265.8, -14
314.8, -12
50.5, 9.5
349.9, 9.4
341.7, 32.7
254, 39
50, 61.5
